   1000     -8.9        0.000000    0.000000    0.000000    0.000000   0.000000   0.000000   0.000000   0.000000   0.000000   0.000098    0.000105    0.000093    0.000097    0.000022    0.000019    0.000020    0.000025    0.000016    0.000019    0.000097    0.000000   0.000026    0.000001   0.000001     0.000001      0          0          0
   1000     -8.85       0.000000    0.000000    0.000000    0.000000   0.000000   0.000000   0.000000   0.000000   0.000000   0.000114    0.000120    0.000108    0.000120    0.000026    0.000023    0.000024    0.000029    0.000019    0.000022    0.000110    0.000000   0.000031    0.000001   0.000001     0.000001      0          0          0
   1000     -8.8        0.000001    0.000000    0.000000    0.000001   0.000000   0.000000   0.000001   0.000000   0.000000   0.000133    0.000143    0.000130    0.000144    0.000031    0.000027    0.000028    0.000034    0.000023    0.000027    0.000128    0.000000   0.000038    0.000002   0.000002     0.000002      0          0          0
   1000     -8.75       0.000001    0.000000    0.000000    0.000001   0.000000   0.000000   0.000001   0.000000   0.000000   0.000157    0.000168    0.000155    0.000169    0.000037    0.000032    0.000034    0.000041    0.000028    0.000033    0.000154    0.000001   0.000044    0.000002   0.000002     0.000002      0          0          0
   1000     -8.7        0.000002    0.000000    0.000000    0.000002   0.000000   0.000000   0.000002   0.000000   0.000000   0.000185    0.000193    0.000187    0.000197    0.000045    0.000039    0.000041    0.000049    0.000034    0.000039    0.000186    0.000001   0.000051    0.000002   0.000002     0.000002      0          0          0
   1000     -8.65       0.000002    0.000000    0.000001    0.000002   0.000000   0.000001   0.000002   0.000000   0.000001   0.000221    0.000220    0.000224    0.000233    0.000054    0.000047    0.000050    0.000058    0.000040    0.000046    0.000217    0.000002   0.000060    0.000003   0.000003     0.000003      0          0          0
   1000     -8.6        0.000002    0.000000    0.000001    0.000002   0.000000   0.000001   0.000002   0.000000   0.000001   0.000264    0.000257    0.000264    0.000289    0.000063    0.000056    0.000058    0.000070    0.000048    0.000055    0.000249    0.000002   0.000072    0.000003   0.000003     0.000003      0          0          0
   1000     -8.55       0.000003    0.000000    0.000001    0.000003   0.000000   0.000001   0.000003   0.000000   0.000001   0.000310    0.000307    0.000311    0.000355    0.000075    0.000066    0.000069    0.000085    0.000057    0.000066    0.000294    0.000002   0.000088    0.000004   0.000004     0.000004      0          0          0
   1000     -8.5        0.000003    0.000000    0.000002    0.000003   0.000000   0.000002   0.000003   0.000000   0.000002   0.000366    0.000374    0.000369    0.000420    0.000090    0.000078    0.000082    0.000100    0.000067    0.000078    0.000353    0.000003   0.000106    0.000004   0.000004     0.000004      0          0          0
   1000     -8.45       0.000004    0.000000    0.000002    0.000004   0.000000   0.000002   0.000004   0.000000   0.000002   0.000431    0.000450    0.000431    0.000487    0.000106    0.000093    0.000097    0.000118    0.000079    0.000092    0.000422    0.000003   0.000125    0.000005   0.000005     0.000005      0          0          0
   1000     -8.4        0.000004    0.000000    0.000002    0.000004   0.000000   0.000002   0.000004   0.000000   0.000002   0.000509    0.000534    0.000508    0.000570    0.000125    0.000109    0.000115    0.000139    0.000094    0.000109    0.000497    0.000004   0.000148    0.000006   0.000006     0.000006      0          0          0
   1000     -8.35       0.000005    0.000000    0.000003    0.000005   0.000000   0.000003   0.000005   0.000000   0.000003   0.000602    0.000626    0.000610    0.000671    0.000149    0.000130    0.000136    0.000166    0.000112    0.000130    0.000590    0.000005   0.000176    0.000007   0.000007     0.000007      0          0          0
   1000     -8.3        0.000006    0.000000    0.000003    0.000006   0.000000   0.000003   0.000006   0.000000   0.000003   0.000719    0.000732    0.000741    0.000786    0.000177    0.000154    0.000161    0.000197    0.000132    0.000154    0.000716    0.000006   0.000209    0.000009   0.000009     0.000009      0          0          0
   1000     -8.25       0.000007    0.000001    0.000004    0.000007   0.000001   0.000004   0.000007   0.000001   0.000004   0.000874    0.000866    0.000891    0.000926    0.000210    0.000182    0.000192    0.000232    0.000155    0.000181    0.000843    0.000007   0.000250    0.000010   0.000010     0.000010      0          0          0
   1000     -8.2        0.000008    0.000001    0.000005    0.000008   0.000001   0.000005   0.000008   0.000001   0.000005   0.001029    0.001034    0.001074    0.001111    0.000250    0.000216    0.000228    0.000275    0.000183    0.000214    0.001010    0.000008   0.000300    0.000012   0.000012     0.000012      0          0          0
   1000     -8.15       0.000010    0.000001    0.000006    0.000010   0.000001   0.000006   0.000010   0.000001   0.000006   0.001217    0.001219    0.001264    0.001329    0.000298    0.000258    0.000271    0.000330    0.000220    0.000256    0.001205    0.000009   0.000352    0.000015   0.000015     0.000015      0          0          0
   1000     -8.1        0.000012    0.000002    0.000007    0.000012   0.000002   0.000007   0.000012   0.000002   0.000007   0.001436    0.001444    0.001479    0.001583    0.000353    0.000306    0.000321    0.000394    0.000263    0.000306    0.001445    0.000011   0.000419    0.000017   0.000017     0.000017      0          0          0
   1000     -8.05       0.000014    0.000002    0.000008    0.000014   0.000002   0.000008   0.000014   0.000002   0.000008   0.001697    0.001732    0.001734    0.001873    0.000419    0.000363    0.000382    0.000468    0.000312    0.000364    0.001732    0.000013   0.000500    0.000021   0.000021     0.000021      0          0          0
   1000     -8.         0.000017    0.000003    0.000010    0.000017   0.000002   0.000010   0.000017   0.000003   0.000010   0.002027    0.002084    0.002046    0.002204    0.000501    0.000434    0.000456    0.000555    0.000371    0.000432    0.002061    0.000016   0.000591    0.000025   0.000025     0.000025      0          0          0
   1000     -7.95       0.000020    0.000003    0.000012    0.000020   0.000003   0.000011   0.000020   0.000003   0.000012   0.002448    0.002452    0.002422    0.002614    0.000593    0.000515    0.000541    0.000654    0.000442    0.000512    0.002456    0.000019   0.000692    0.000029   0.000029     0.000029      0          0          0
   1000     -7.9        0.000024    0.000004    0.000014    0.000024   0.000003   0.000013   0.000024   0.000003   0.000014   0.002894    0.002913    0.002887    0.003082    0.000701    0.000609    0.000640    0.000779    0.000528    0.000611    0.002922    0.000022   0.000820    0.000035   0.000035     0.000035      0          0          0
   1000     -7.85       0.000028    0.000004    0.000016    0.000028   0.000004   0.000016   0.000028   0.000004   0.000016   0.003435    0.003447    0.003458    0.003659    0.000828    0.000721    0.000757    0.000921    0.000624    0.000723    0.003415    0.000026   0.000967    0.000041   0.000041     0.000041      0          0          0
   1000     -7.8        0.000034    0.000005    0.000020    0.000033   0.000005   0.000019   0.000033   0.000005   0.000019   0.004076    0.004071    0.004103    0.004346    0.000981    0.000854    0.000896    0.001088    0.000738    0.000855    0.004030    0.000031   0.001145    0.000049   0.000049     0.000049      0          0          0
   1000     -7.75       0.000040    0.000006    0.000023    0.000039   0.000006   0.000022   0.000039   0.000006   0.000022   0.004822    0.004806    0.004847    0.005153    0.001162    0.001013    0.001062    0.001287    0.000874    0.001012    0.004802    0.000037   0.001361    0.000058   0.000058     0.000058      0          0          0
   1000     -7.7        0.000047    0.000007    0.000027    0.000046   0.000007   0.000027   0.000047   0.000007   0.000027   0.005686    0.005685    0.005736    0.006102    0.001375    0.001199    0.001258    0.001525    0.001035    0.001199    0.005715    0.000044   0.001622    0.000068   0.000068     0.000068      0          0          0
   1000     -7.65       0.000055    0.000008    0.000032    0.000055   0.000008   0.000031   0.000056   0.000009   0.000032   0.006696    0.006777    0.006727    0.007253    0.001626    0.001420    0.001489    0.001803    0.001224    0.001417    0.006770    0.000052   0.001927    0.000081   0.000081     0.000081      0          0          0
   1000     -7.6        0.000066    0.000010    0.000038    0.000065   0.000009   0.000037   0.000066   0.000010   0.000038   0.007880    0.008061    0.007923    0.008599    0.001928    0.001682    0.001764    0.002131    0.001446    0.001674    0.007994    0.000061   0.002271    0.000096   0.000096     0.000096      0          0          0
   1000     -7.55       0.000078    0.000012    0.000045    0.000078   0.000011   0.000044   0.000079   0.000012   0.000046   0.009280    0.009483    0.009357    0.010151    0.002282    0.001990    0.002087    0.002528    0.001714    0.001985    0.009440    0.000073   0.002691    0.000114   0.000114     0.000114      0          0          0
   1000     -7.5        0.000093    0.000014    0.000053    0.000092   0.000013   0.000053   0.000093   0.000015   0.000054   0.010993    0.011170    0.011066    0.011979    0.002701    0.002355    0.002470    0.002999    0.002032    0.002354    0.011138    0.000087   0.003185    0.000135   0.000135     0.000135      0          0          0
   1000     -7.45       0.000110    0.000016    0.000063    0.000109   0.000016   0.000062   0.000111   0.000017   0.000064   0.013062    0.013203    0.013107    0.014148    0.003195    0.002785    0.002922    0.003549    0.002404    0.002786    0.013140    0.000103   0.003761    0.000161   0.000160     0.000161      0          0          0
   1000     -7.4        0.000129    0.000019    0.000074    0.000129   0.000018   0.000074   0.000130   0.000020   0.000075   0.015482    0.015605    0.015549    0.016716    0.003772    0.003291    0.003451    0.004188    0.002839    0.003289    0.015510    0.000122   0.004440    0.000190   0.000190     0.000190      0          0          0
   1000     -7.35       0.000153    0.000022    0.000087    0.000152   0.000022   0.000087   0.000154   0.000023   0.000089   0.018262    0.018371    0.018420    0.019726    0.004460    0.003891    0.004080    0.004943    0.003347    0.003879    0.018280    0.000143   0.005253    0.000224   0.000224     0.000224      0          0          0
   1000     -7.3        0.000180    0.000026    0.000103    0.000180   0.000026   0.000103   0.000181   0.000027   0.000104   0.021487    0.021588    0.021643    0.023221    0.005259    0.004590    0.004813    0.005842    0.003964    0.004590    0.021521    0.000169   0.006197    0.000264   0.000264     0.000264      0          0          0
   1000     -7.25       0.000213    0.000031    0.000122    0.000212   0.000030   0.000121   0.000214   0.000032   0.000123   0.025353    0.025353    0.025492    0.027259    0.006188    0.005403    0.005665    0.006883    0.004679    0.005414    0.025306    0.000200   0.007297    0.000312   0.000312     0.000312      0          0          0
   1000     -7.2        0.000252    0.000037    0.000144    0.000251   0.000036   0.000143   0.000253   0.000038   0.000145   0.029851    0.029767    0.029987    0.032021    0.007272    0.006352    0.006659    0.008096    0.005511    0.006373    0.029772    0.000237   0.008586    0.000369   0.000369     0.000369      0          0          0
   1000     -7.15       0.000297    0.000043    0.000170    0.000296   0.000042   0.000169   0.000299   0.000045   0.000172   0.035078    0.034961    0.035207    0.037629    0.008540    0.007466    0.007824    0.009502    0.006477    0.007485    0.034981    0.000281   0.010096    0.000435   0.000435     0.000435      0          0          0
   1000     -7.1        0.000351    0.000051    0.000201    0.000349   0.000049   0.000199   0.000353   0.000053   0.000203   0.041183    0.041089    0.041279    0.044171    0.010021    0.008773    0.009189    0.011128    0.007595    0.008773    0.040955    0.000332   0.011862    0.000514   0.000513     0.000514      0          0          0
   1000     -7.05       0.000413    0.000060    0.000237    0.000411   0.000058   0.000235   0.000415   0.000062   0.000239   0.048202    0.048301    0.048318    0.051774    0.011741    0.010286    0.010771    0.013032    0.008905    0.010281    0.047794    0.000391   0.013946    0.000604   0.000604     0.000604      0          0          0
   1000     -7.         0.000486    0.000071    0.000279    0.000483   0.000068   0.000276   0.000489   0.000073   0.000281   0.056459    0.056396    0.056598    0.060536    0.013732    0.012051    0.012612    0.015238    0.010439    0.012039    0.055915    0.000461   0.016343    0.000709   0.000709     0.000709      0          0          0
   1000     -6.95       0.000571    0.000083    0.000327    0.000567   0.000080   0.000324   0.000573   0.000085   0.000329   0.065836    0.065722    0.065990    0.070579    0.016042    0.014095    0.014744    0.017796    0.012212    0.014073    0.065296    0.000542   0.019138    0.000833   0.000833     0.000833      0          0          0
   1000     -6.9        0.000670    0.000098    0.000384    0.000666   0.000094   0.000380   0.000671   0.000099   0.000385   0.076630    0.076531    0.076750    0.082137    0.018705    0.016450    0.017201    0.020763    0.014265    0.016431    0.076041    0.000638   0.022357    0.000977   0.000977     0.000977      0          0          0
   1000     -6.85       0.000785    0.000114    0.000449    0.000780   0.000109   0.000445   0.000786   0.000116   0.000451   0.089045    0.089007    0.089157    0.095455    0.021754    0.019149    0.020017    0.024181    0.016635    0.019150    0.088355    0.000749   0.026057    0.001144   0.001144     0.001144      0          0          0
   1000     -6.8        0.000918    0.000133    0.000526    0.000912   0.000128   0.000520   0.000919   0.000135   0.000527   0.103220    0.103273    0.103460    0.110781    0.025232    0.022239    0.023237    0.028091    0.019363    0.022272    0.102467    0.000879   0.030321    0.001337   0.001337     0.001337      0          0          0
   1000     -6.75       0.001074    0.000157    0.000615    0.001066   0.000149   0.000608   0.001076   0.000159   0.000617   0.119356    0.119427    0.119783    0.128358    0.029225    0.025796    0.026939    0.032570    0.022514    0.025866    0.118435    0.001031   0.035253    0.001559   0.001558     0.001559      0          0          0
   1000     -6.7        0.001253    0.000183    0.000718    0.001243   0.000173   0.000708   0.001258   0.000188   0.000723   0.137560    0.137463    0.138119    0.148076    0.033731    0.029818    0.031122    0.037598    0.026054    0.029902    0.136492    0.001206   0.040862    0.001816   0.001815     0.001816      0          0          0
   1000     -6.65       0.001458    0.000214    0.000836    0.001445   0.000201   0.000823   0.001463   0.000219   0.000841   0.158006    0.157714    0.158529    0.170305    0.038814    0.034374    0.035854    0.043262    0.030062    0.034462    0.156840    0.001407   0.047237    0.002110   0.002110     0.002111      0          0          0
   1000     -6.6        0.001691    0.000248    0.000969    0.001676   0.000233   0.000954   0.001696   0.000253   0.000975   0.180998    0.180495    0.181299    0.195311    0.044503    0.039505    0.041171    0.049643    0.034610    0.039621    0.179538    0.001640   0.054464    0.002448   0.002447     0.002448      0          0          0
   1000     -6.55       0.001956    0.000286    0.001121    0.001939   0.000269   0.001104   0.001962   0.000291   0.001126   0.206558    0.206000    0.206670    0.223094    0.050858    0.045267    0.047130    0.056798    0.039748    0.045432    0.204756    0.001908   0.062625    0.002832   0.002832     0.002832      0          0          0
   1000     -6.5        0.002259    0.000328    0.001293    0.002240   0.000309   0.001275   0.002265   0.000334   0.001300   0.234616    0.234278    0.234772    0.253665    0.057944    0.051717    0.053793    0.064765    0.045510    0.051928    0.232691    0.002216   0.071807    0.003269   0.003268     0.003269      0          0          0
   1000     -6.45       0.002603    0.000377    0.001490    0.002581   0.000355   0.001468   0.002609   0.000383   0.001496   0.265433    0.265250    0.265545    0.287631    0.065777    0.058894    0.061189    0.073564    0.051945    0.059151    0.263383    0.002570   0.082124    0.003763   0.003762     0.003763      0          0          0
   1000     -6.4        0.002989    0.000431    0.001710    0.002965   0.000407   0.001686   0.002997   0.000439   0.001718   0.298857    0.298735    0.299243    0.324143    0.074324    0.066784    0.069298    0.083203    0.059100    0.067134    0.296543    0.002973   0.093583    0.004317   0.004316     0.004317      0          0          0
   1000     -6.35       0.003422    0.000491    0.001957    0.003395   0.000464   0.001929   0.003430   0.000499   0.001964   0.334827    0.334793    0.335273    0.363678    0.083684    0.075470    0.078208    0.093763    0.067012    0.075929    0.332212    0.003429   0.106310    0.004937   0.004936     0.004938      0          0          0
   1000     -6.3        0.003906    0.000558    0.002232    0.003875   0.000527   0.002201   0.003914   0.000566   0.002240   0.373231    0.373287    0.373631    0.406049    0.093826    0.084966    0.087919    0.105249    0.075746    0.085580    0.370240    0.003944   0.120469    0.005628   0.005627     0.005629      0          0          0
   1000     -6.25       0.004445    0.000633    0.002539    0.004409   0.000597   0.002503   0.004455   0.000643   0.002549   0.414083    0.414249    0.414472    0.451264    0.104782    0.095334    0.098484    0.117685    0.085367    0.096140    0.410626    0.004526   0.136173    0.006395   0.006394     0.006396      0          0          0
   1000     -6.2        0.005044    0.000716    0.002880    0.005002   0.000674   0.002838   0.005057   0.000729   0.002893   0.457407    0.457643    0.457863    0.499343    0.116614    0.106645    0.109968    0.131123    0.095946    0.107672    0.453466    0.005182   0.153505    0.007242   0.007241     0.007244      0          0          0
   1000     -6.15       0.005696    0.000801    0.003249    0.005653   0.000758   0.003206   0.005712   0.000818   0.003265   0.502987    0.502956    0.503357    0.549962    0.129315    0.118905    0.122375    0.145639    0.107582    0.120268    0.498801    0.005916   0.172591    0.008175   0.008173     0.008176      0          0          0
   1000     -6.1        0.006404    0.000893    0.003648    0.006360   0.000849   0.003605   0.006427   0.000916   0.003672   0.549672    0.549923    0.549965    0.602050    0.142758    0.132041    0.135613    0.161069    0.120239    0.133849    0.545100    0.006728   0.193403    0.009183   0.009181     0.009184      0          0          0
   1000     -6.05       0.007181    0.000999    0.004090    0.007129   0.000947   0.004038   0.007205   0.001023   0.004114   0.597887    0.598193    0.598373    0.655931    0.157151    0.146241    0.149877    0.177656    0.134139    0.148645    0.592776    0.007626   0.216426    0.010277   0.010275     0.010279      0          0          0
   1000     -6.         0.008018    0.001112    0.004565    0.007958   0.001052   0.004505   0.008047   0.001142   0.004594   0.647505    0.647495    0.648160    0.711590    0.172569    0.161618    0.165268    0.195484    0.149407    0.164766    0.641654    0.008614   0.241791    0.011454   0.011452     0.011457      0          0          0
   1000     -5.95       0.008912    0.001229    0.005071    0.008846   0.001163   0.005005   0.008950   0.001268   0.005109   0.698192    0.697824    0.698961    0.768829    0.189145    0.178298    0.181914    0.214623    0.166143    0.182303    0.691847    0.009697   0.269661    0.012714   0.012712     0.012717      0          0          0
   1000     -5.9        0.009868    0.001356    0.005612    0.009794   0.001281   0.005537   0.009912   0.001400   0.005656   0.749560    0.749171    0.750517    0.827342    0.207016    0.196406    0.199943    0.235154    0.184457    0.201356    0.743293    0.010879   0.300292    0.014055   0.014053     0.014059      0          0          0
   1000     -5.85       0.010882    0.001487    0.006184    0.010801   0.001406   0.006104   0.010933   0.001539   0.006236   0.801403    0.801102    0.802723    0.886866    0.226237    0.216038    0.219438    0.257210    0.204536    0.222094    0.795057    0.012165   0.334111    0.015477   0.015474     0.015481      0          0          0
   1000     -5.8        0.011938    0.001624    0.006781    0.011850   0.001535   0.006693   0.012000   0.001687   0.006844   0.853416    0.853468    0.855032    0.946138    0.247069    0.237402    0.240625    0.281271    0.226767    0.244935    0.846319    0.013488   0.370958    0.016958   0.016955     0.016962      0          0          0
   1000     -5.75       0.013053    0.001774    0.007414    0.012950   0.001671   0.007310   0.013118   0.001841   0.007479   0.906227    0.906457    0.908122    1.006431    0.269609    0.260621    0.263617    0.307425    0.251285    0.269998    0.898728    0.014948   0.411711    0.018508   0.018504     0.018513      0          0          0
   1000     -5.7        0.014211    0.001927    0.008069    0.014095   0.001811   0.007953   0.014280   0.001998   0.008139   0.959846    0.959935    0.961992    1.067892    0.294084    0.285846    0.288592    0.335850    0.278239    0.297443    0.952163    0.016515   0.456165    0.020120   0.020116     0.020126      0          0          0
   1000     -5.65       0.015411    0.002083    0.008747    0.015284   0.001955   0.008620   0.015491   0.002165   0.008828   1.014398    1.014271    1.016936    1.130287    0.320895    0.313470    0.315945    0.366751    0.307724    0.327399    1.006785    0.018173   0.504381    0.021787   0.021783     0.021794      0          0          0
   1000     -5.6        0.016651    0.002244    0.009447    0.016511   0.002104   0.009308   0.016750   0.002345   0.009548   1.070214    1.070095    1.073292    1.193350    0.350431    0.343873    0.346059    0.400344    0.339928    0.360067    1.062714    0.019939   0.556691    0.023503   0.023499     0.023511      0          0          0
   1000     -5.55       0.017918    0.002407    0.010162    0.017767   0.002255   0.010011   0.018035   0.002527   0.010281   1.127942    1.127953    1.131096    1.257280    0.382749    0.376986    0.378907    0.436841    0.375392    0.395875    1.119586    0.021874   0.613636    0.025262   0.025257     0.025271      0          0          0
   1000     -5.5        0.019195    0.002566    0.010881    0.019037   0.002408   0.010722   0.019328   0.002703   0.011016   1.187791    1.187461    1.190566    1.323860    0.418055    0.412885    0.414608    0.476617    0.413752    0.434707    1.178549    0.023766   0.674090    0.027037   0.027031     0.027047      0          0          0
   1000     -5.45       0.020502    0.002738    0.011620    0.020329   0.002565   0.011447   0.020656   0.002896   0.011776   1.251185    1.250699    1.253427    1.393084    0.456587    0.451827    0.453413    0.520072    0.455540    0.477051    1.240834    0.025736   0.738989    0.028848   0.028842     0.028860      0          0          0
   1000     -5.4        0.021842    0.002919    0.012381    0.021649   0.002726   0.012187   0.022019   0.003101   0.012560   1.318806    1.317761    1.320200    1.465457    0.498460    0.493872    0.495401    0.567035    0.500515    0.522688    1.307184    0.027772   0.808006    0.030698   0.030692     0.030712      0          0          0
   1000     -5.35       0.023209    0.003104    0.013157    0.022996   0.002892   0.012944   0.023410   0.003311   0.013360   1.391348    1.389713    1.391809    1.542326    0.543839    0.539122    0.540694    0.617496    0.548568    0.571544    1.378586    0.029865   0.880688    0.032590   0.032583     0.032605      0          0          0
   1000     -5.3        0.024601    0.003289    0.013945    0.024373   0.003062   0.013718   0.024828   0.003522   0.014175   1.469824    1.468160    1.469497    1.625248    0.592991    0.587772    0.589512    0.671576    0.599697    0.623656    1.456259    0.032011   0.956650    0.034529   0.034521     0.034546      0          0          0
   1000     -5.25       0.026026    0.003480    0.014753    0.025784   0.003239   0.014512   0.026286   0.003747   0.015017   1.555977    1.554639    1.554685    1.715131    0.646356    0.640187    0.642243    0.729460    0.653906    0.679091    1.541635    0.034210   1.035878    0.036526   0.036518     0.036546      0          0          0
   1000     -5.2        0.027505    0.003682    0.015593    0.027245   0.003423   0.015334   0.027797   0.003981   0.015889   1.651577    1.651507    1.649865    1.815416    0.703268    0.695559    0.698129    0.791002    0.710682    0.737456    1.637521    0.036421   1.116534    0.038592   0.038583     0.038614      0          0          0
   1000     -5.15       0.029057    0.003903    0.016480    0.028771   0.003619   0.016195   0.029382   0.004236   0.016809   1.759031    1.758119    1.755753    1.927029    0.763595    0.753883    0.757120    0.855707    0.769593    0.798297    1.744020    0.038688   1.200358    0.040761   0.040752     0.040786      0          0          0
   1000     -5.1        0.030689    0.004135    0.017412    0.030381   0.003829   0.017105   0.031066   0.004522   0.017794   1.879108    1.878178    1.874075    2.051740    0.827601    0.815311    0.819408    0.924145    0.830927    0.861999    1.863128    0.041010   1.286395    0.043057   0.043047     0.043085      0          0          0
   1000     -5.05       0.032427    0.004385    0.018406    0.032095   0.004057   0.018076   0.032868   0.004838   0.018853   2.013609    2.013703    2.006626    2.191822    0.895400    0.879934    0.885089    0.996413    0.894634    0.928560    1.996797    0.043402   1.374437    0.045513   0.045502     0.045545      0          0          0
   1000     -5.         0.034304    0.004663    0.019484    0.033941   0.004304   0.019122   0.034804   0.005177   0.019990   2.164957    2.165949    2.155499    2.349901    0.966855    0.947628    0.954037    1.072280    0.960376    0.997677    2.147026    0.045887   1.464896    0.048167   0.048155     0.048203      0.000026   0.000231   0.001331
   1000     -4.95       0.036340    0.004967    0.020653    0.035943   0.004576   0.020260   0.036895   0.005537   0.021216   2.335541    2.336812    2.323431    2.528729    1.041453    1.017850    1.025718    1.151459    1.027649    1.068919    2.315984    0.048485   1.558535    0.051057   0.051045     0.051097      0.000042   0.000317   0.001543
   1000     -4.9        0.038576    0.005295    0.021936    0.038154   0.004880   0.021517   0.039198   0.005934   0.022566   2.528711    2.529489    2.513366    2.732248    1.119015    1.090443    1.099967    1.234706    1.096770    1.142749    2.507812    0.051232   1.656027    0.054259   0.054246     0.054304      0.000056   0.000406   0.001819
   1000     -4.85       0.041040    0.005651    0.023346    0.040596   0.005215   0.022906   0.041744   0.006374   0.024059   2.743795    2.745748    2.726210    2.961090    1.200969    1.166765    1.178166    1.322715    1.168514    1.219914    2.723173    0.054170   1.758935    0.057803   0.057789     0.057854      0.000067   0.000490   0.002161
   1000     -4.8        0.043781    0.006057    0.024919    0.043306   0.005592   0.024449   0.044583   0.006881   0.025732   2.983932    2.986487    2.963643    3.217376    1.286847    1.246444    1.259912    1.416303    1.243548    1.301133    2.963290    0.057339   1.868390    0.061744   0.061729     0.061801      0.000075   0.000570   0.002568
   1000     -4.75       0.046838    0.006523    0.026681    0.046317   0.006014   0.026166   0.047746   0.007456   0.027601   3.251472    3.253746    3.226838    3.503689    1.377051    1.329899    1.345616    1.515691    1.321984    1.386553    3.229188    0.060788   1.985358    0.066134   0.066119     0.066199      0.000081   0.000647   0.003039
   1000     -4.7        0.050240    0.007045    0.028643    0.049667   0.006485   0.028076   0.051257   0.008090   0.029674   3.547654    3.549764    3.517212    3.822851    1.472496    1.418014    1.436174    1.621115    1.403977    1.476356    3.522414    0.064567   2.111320    0.071026   0.071009     0.071098      0.000086   0.000722   0.003569
   1000     -4.65       0.054006    0.007603    0.030804    0.053398   0.007011   0.030204   0.055152   0.008781   0.031967   3.872203    3.875419    3.837666    4.177549    1.574011    1.511621    1.532418    1.733735    1.490580    1.571632    3.846199    0.068730   2.249219    0.076472   0.076455     0.076553      0.000091   0.000799   0.004153
   1000     -4.6        0.058214    0.008220    0.033217    0.057574   0.007598   0.032586   0.059481   0.009522   0.034501   4.226922    4.231040    4.191087    4.569617    1.682761    1.611923    1.635536    1.855748    1.583878    1.674501    4.199823    0.073381   2.401381    0.082563   0.082545     0.082654      0.000098   0.000881   0.004789
   1000     -4.55       0.062873    0.008911    0.035892    0.062185   0.008246   0.035215   0.064300   0.010379   0.037340   4.613161    4.619598    4.575912    4.996576    1.799076    1.719293    1.745887    1.988167    1.685057    1.786093    4.584056    0.078520   2.567560    0.089287   0.089268     0.089389      0.000108   0.000971   0.005471
   1000     -4.5        0.067994    0.009665    0.038830    0.067261   0.008958   0.038109   0.069599   0.011315   0.040457   5.030847    5.038562    4.991807    5.460462    1.923873    1.834644    1.864387    2.131684    1.794783    1.907084    4.999372    0.084191   2.749339    0.096683   0.096663     0.096797      0.000121   0.001073   0.006199
   1000     -4.45       0.073599    0.010482    0.042040    0.072823   0.009737   0.041280   0.075393   0.012326   0.043859   5.480162    5.488347    5.438969    5.960956    2.058222    1.959052    1.992109    2.286817    1.913645    2.038036    5.445894    0.090431   2.948356    0.104782   0.104761     0.104910      0.000139   0.001189   0.006977
   1000     -4.4        0.079706    0.011365    0.045535    0.078889   0.010584   0.044737   0.081706   0.013422   0.047564   5.960631    5.969615    5.917595    6.497177    2.202968    2.093387    2.129914    2.454198    2.042387    2.179657    5.922978    0.097279   3.166170    0.113608   0.113587     0.113751      0.000161   0.001324   0.007808
   1000     -4.35       0.086327    0.012313    0.049320    0.085473   0.011503   0.048488   0.088549   0.014598   0.051574   6.469662    6.478697    6.426981    7.070766    2.358198    2.237782    2.277921    2.635012    2.182252    2.333172    6.428626    0.104782   3.404065    0.123174   0.123156     0.123334      0.000190   0.001480   0.008702
   1000     -4.3        0.093479    0.013350    0.053415    0.092566   0.012487   0.052526   0.095959   0.015899   0.055929   7.001474    7.012604    6.959813    7.673168    2.523271    2.393037    2.436449    2.829029    2.333873    2.498925    6.957424    0.112469   3.664178    0.133466   0.133443     0.133645      0.000226   0.001661   0.009672
   1000     -4.25       0.101114    0.014441    0.057778    0.100153   0.013538   0.056846   0.103890   0.017296   0.060593   7.553865    7.568880    7.516365    8.302860    2.701485    2.559273    2.606677    3.035704    2.496568    2.676280    7.508276    0.121155   3.944588    0.144463   0.144437     0.144662      0.000270   0.001870   0.010735
   1000     -4.2        0.109232    0.015596    0.062414    0.108225   0.014655   0.061440   0.112341   0.018791   0.065566   8.125397    8.143301    8.094672    8.956832    2.890691    2.736539    2.787923    3.256116    2.671730    2.866526    8.079465    0.130597   4.246423    0.156146   0.156120     0.156370      0.000324   0.002112   0.011912
   1000     -4.15       0.117828    0.016821    0.067324    0.116764   0.015833   0.066298   0.121299   0.020389   0.070844   8.714138    8.733911    8.690447    9.632558    3.090599    2.924988    2.980191    3.490022    2.859486    3.069665    8.666409    0.140710   4.569302    0.168490   0.168464     0.168741      0.000388   0.002389   0.013225
   1000     -4.1        0.126874    0.018113    0.072494    0.125744   0.017070   0.071407   0.130747   0.022094   0.076421   9.316191    9.337828    9.298808    10.325735   3.301593    3.124579    3.183584    3.736426    3.059233    3.284964    9.263640    0.151486   4.912473    0.181458   0.181430     0.181739      0.000462   0.002706   0.014704
   1000     -4.05       0.136317    0.019442    0.077879    0.135133   0.018359   0.076746   0.140665   0.023911   0.082288   9.923666    9.946431    9.916913    11.026966   3.522884    3.334654    3.397397    3.994526    3.270497    3.511840    9.867901    0.162868   5.276618    0.194988   0.194960     0.195303      0.000547   0.003067   0.016379
   1000     -4.         0.146037    0.020808    0.083423    0.144795   0.019682   0.082239   0.150850   0.025756   0.088303   10.522198   10.544760   10.530728   11.723263   3.751328    3.554303    3.619978    4.262926    3.493289    3.749834    10.460014   0.174829   5.660552    0.208880   0.208852     0.209233      0.000641   0.003475   0.018285
   1000     -3.95       0.156026    0.022199    0.089113    0.154735   0.021041   0.087888   0.161441   0.027765   0.094603   11.113174   11.135435   11.138022   12.416857   3.989369    3.782746    3.851621    4.540987    3.726886    3.998253    11.046497   0.187869   6.062413    0.223147   0.223119     0.223543      0.000743   0.003937   0.020463
   1000     -3.9        0.166202    0.023590    0.094896    0.164887   0.022429   0.093658   0.172328   0.029887   0.101108   11.691154   11.715120   11.733212   13.101274   4.237519    4.018027    4.091191    4.828551    3.971447    4.257148    11.620681   0.201140   6.481894    0.237692   0.237665     0.238136      0.000852   0.004455   0.022955
   1000     -3.85       0.176515    0.024988    0.100752    0.175186   0.023836   0.099511   0.183412   0.032079   0.107746   12.251015   12.277323   12.311139   13.769320   4.493333    4.262543    4.339473    5.124538    4.226354    4.525749    12.176283   0.214531   6.917327    0.252418   0.252391     0.252915      0.000967   0.005037   0.025806
   1000     -3.8        0.186915    0.026404    0.106659    0.185560   0.025252   0.105406   0.194625   0.034330   0.114478   12.787225   12.814050   12.866741   14.414103   4.753897    4.517549    4.596332    5.427306    4.490518    4.802780    12.706923   0.228270   7.366711    0.267216   0.267191     0.267773      0.001086   0.005687   0.029070
   1000     -3.75       0.197305    0.027812    0.112558    0.195929   0.026667   0.111298   0.205965   0.036714   0.121340   13.292881   13.318154   13.394573   15.030355   5.019402    4.775413    4.856743    5.735201    4.762846    5.086965    13.205457   0.242282   7.829236    0.281969   0.281945     0.282592      0.001207   0.006412   0.032801
   1000     -3.7        0.207435    0.029186    0.118311    0.206032   0.028047   0.117039   0.217062   0.039082   0.128072   13.748907   13.774649   13.875455   15.597930   5.286010    5.035309    5.118876    6.044378    5.040738    5.375285    13.654614   0.256296   8.297231    0.296293   0.296271     0.296990      0.001331   0.007220   0.037054
   1000     -3.65       0.217346    0.030518    0.123932    0.215929   0.029402   0.122666   0.228092   0.041564   0.134828   14.163493   14.189951   14.318706   16.123082   5.555950    5.299153    5.384752    6.355606    5.324342    5.668097    14.064519   0.270369   8.771870    0.310279   0.310259     0.311060      0.001457   0.008119   0.041893
   1000     -3.6        0.226946    0.031805    0.129376    0.225520   0.030723   0.128121   0.238985   0.044180   0.141582   14.536394   14.561710   14.721682   16.601499   5.826468    5.564286    5.651680    6.667214    5.612323    5.963953    14.430473   0.284358   9.251819    0.323785   0.323769     0.324659      0.001586   0.009120   0.047380
   1000     -3.55       0.236129    0.033024    0.134577    0.234711   0.031997   0.133354   0.249610   0.046880   0.148245   14.863149   14.886770   15.080956   17.031285   6.096365    5.829439    5.918414    6.975908    5.903117    6.260714    14.750810   0.298135   9.734216    0.336679   0.336668     0.337658      0.001721   0.010235   0.053581
   1000     -3.5        0.244803    0.034158    0.139481    0.243418   0.033216   0.138317   0.259853   0.049626   0.154740   15.139608   15.162808   15.393727   17.410456   6.365199    6.094049    6.184432    7.280869    6.195405    6.557226    15.024241   0.311592   10.215506   0.348835   0.348828     0.349929      0.001862   0.011478   0.060561
   1000     -3.45       0.252929    0.035242    0.144085    0.251554   0.034371   0.142962   0.269725   0.052507   0.161116   15.367161   15.390195   15.659419   17.734012   6.632176    6.357293    6.448921    7.588955    6.488719    6.855465    15.246788   0.324637   10.692614   0.360127   0.360127     0.361351      0.002013   0.012863   0.068386
   1000     -3.4        0.260109    0.036160    0.148135    0.258799   0.035423   0.147111   0.278995   0.055571   0.167283   15.532830   15.550052   15.862742   17.986902   6.892258    6.613746    6.706583    7.881368    6.775609    7.144195    15.401935   0.336888   11.152254   0.370092   0.370098     0.371460      0.002178   0.014412   0.077132
   1000     -3.35       0.266530    0.036993    0.151761    0.265279   0.036391   0.150835   0.287726   0.058775   0.173250   15.648352   15.658730   16.019841   18.184804   7.147047    6.864874    6.958932    8.165962    7.058847    7.427885    15.509697   0.348415   11.604249   0.378913   0.378928     0.380442      0.002361   0.016143   0.086863
   1000     -3.3        0.272107    0.037710    0.154909    0.270934   0.037272   0.154103   0.295949   0.062207   0.179078   15.714238   15.716902   16.130192   18.324597   7.395347    7.109439    7.204741    8.440539    7.336270    7.704360    15.567857   0.359122   12.039073   0.386505   0.386530     0.388213      0.002568   0.018083   0.097650
   1000     -3.25       0.276767    0.038297    0.157532    0.275698   0.038061   0.156880   0.303535   0.065803   0.184669   15.731068   15.726495   16.194839   18.406944   7.634343    7.344607    7.441185    8.702669    7.605280    7.971076    15.578873   0.368906   12.452717   0.392780   0.392816     0.394687      0.002804   0.020259   0.109581
   1000     -3.2        0.280459    0.038756    0.159608    0.279515   0.038755   0.159135   0.310359   0.069485   0.189922   15.700713   15.690361   16.215281   18.434135   7.861553    7.567805    7.665721    8.949865    7.863126    8.225372    15.545171   0.377662   12.842905   0.397656   0.397705     0.399782      0.003076   0.022702   0.122726
   1000     -3.15       0.283169    0.039110    0.161140    0.282346   0.039350   0.160848   0.316494   0.073371   0.194933   15.627532   15.611918   16.192311   18.407780   8.077193    7.778962    7.878373    9.179802    8.107257    8.464772    15.464390   0.385298   13.204280   0.401068   0.401132     0.403436      0.003391   0.025447   0.137171
   1000     -3.1        0.284497    0.039232    0.161865    0.283884   0.039823   0.161854   0.321830   0.077600   0.199715   15.499307   15.481849   16.118265   18.317552   8.273769    7.970380    8.071509    9.385209    8.330466    8.682047    15.331714   0.391292   13.522704   0.402577   0.402658     0.405217      0.003758   0.028535   0.153031
   1000     -3.05       0.284757    0.039222    0.161989    0.284380   0.040206   0.162293   0.326541   0.082153   0.204347   15.330117   15.307936   16.006266   18.172427   8.451861    8.143074    8.246003    9.568508    8.534667    8.879281    15.159216   0.395936   13.802574   0.402546   0.402647     0.405486      0.004187   0.032008   0.170400
   1000     -3.         0.283932    0.039071    0.161501    0.283827   0.040503   0.162165   0.330772   0.087182   0.208977   15.125057   15.099460   15.857278   17.982168   8.611013    8.296436    8.401295    9.727358    8.717321    9.054000    14.949661   0.399167   14.040795   0.400963   0.401086     0.404230      0.004688   0.035914   0.189401
   1000     -2.95       0.282040    0.038790    0.160415    0.282237   0.040721   0.161479   0.334496   0.092671   0.213583   14.883949   14.856967   15.674278   17.748056   8.749094    8.428381    8.535285    9.859789    8.876168    9.204042    14.705461   0.400945   14.234600   0.397836   0.397985     0.401463      0.005272   0.040306   0.210194
   1000     -2.9        0.279094    0.038383    0.158739    0.279628   0.040870   0.160249   0.337679   0.098578   0.218129   14.606854   14.579271   15.460823   17.469471   8.863240    8.536209    8.645219    9.963856    9.008989    9.327278    14.428664   0.401255   14.380783   0.393197   0.393374     0.397216      0.005953   0.045240   0.232919
   1000     -2.85       0.275073    0.037807    0.156440    0.276024   0.040959   0.158492   0.340456   0.105038   0.222747   14.299108   14.269936   15.219691   17.150097   8.950943    8.617587    8.728706    10.037262   9.113321    9.421301    14.120968   0.400105   14.474909   0.387089   0.387299     0.391533      0.006745   0.050777   0.257758
   1000     -2.8        0.269795    0.037074    0.153435    0.271239   0.040999   0.156119   0.342989   0.112283   0.227636   13.954178   13.923569   14.941413   16.782559   9.003268    8.663939    8.777049    10.066376   9.175906    9.472729    13.775652   0.397081   14.502387   0.379205   0.379452     0.384123      0.007661   0.056983   0.284928
   1000     -2.75       0.263639    0.036270    0.149955    0.265596   0.041024   0.153310   0.345509   0.120349   0.232929   13.584016   13.551295   14.637838   16.379219   9.024684    8.680099    8.794960    10.061540   9.206472    9.491495    13.406612   0.392621   14.472967   0.370025   0.370314     0.375457      0.008718   0.063926   0.314629
   1000     -2.7        0.256611    0.035344    0.145977    0.259166   0.041048   0.150107   0.348065   0.129243   0.238654   13.191341   13.155611   14.311567   15.944574   9.014269    8.665233    8.781579    10.020829   9.202824    9.475492    13.015319   0.386743   14.385173   0.359636   0.359972     0.365624      0.009928   0.071678   0.347100
   1000     -2.65       0.248775    0.034294    0.141535    0.252032   0.041095   0.146564   0.350687   0.138949   0.244818   12.779050   12.740395   13.965620   15.481402   8.971663    8.619172    8.736669    9.942819    9.163385    9.423196    12.604003   0.379511   14.239589   0.348149   0.348538     0.354727      0.011308   0.080317   0.382604
   1000     -2.6        0.240230    0.033148    0.136689    0.244285   0.041188   0.142737   0.353588   0.149613   0.251601   12.350128   12.308468   13.602326   14.991737   8.897054    8.542294    8.660548    9.827083    9.087536    9.334052    12.175765   0.371037   14.037933   0.335691   0.336140     0.342889      0.012871   0.089918   0.421379
   1000     -2.55       0.231080    0.031932    0.131506    0.236019   0.041353   0.138686   0.357364   0.161809   0.259587   11.907556   11.859611   13.222387   14.477730   8.791147    8.435405    8.553986    9.674637    8.975911    9.208820    11.734619   0.361479   13.782140   0.322392   0.322906     0.330264      0.014629   0.100559   0.463669
   1000     -2.5        0.221307    0.030726    0.126017    0.227193   0.041651   0.134422   0.361978   0.175269   0.268623   11.441803   11.392063   12.818367   13.933190   8.641731    8.287406    8.405514    9.480007    8.823434    9.042292    11.271431   0.350584   13.459597   0.308088   0.308679     0.316684      0.016597   0.112329   0.509732
   1000     -2.45       0.211067    0.029410    0.120239    0.218083   0.042091   0.130087   0.367276   0.189833   0.278554   10.971201   10.917945   12.402061   13.368912   8.461236    8.110128    8.227164    9.252359    8.638463    8.843095    10.802540   0.338876   13.086804   0.293230   0.293907     0.302608      0.018782   0.125304   0.559742
   1000     -2.4        0.200527    0.028069    0.114298    0.208806   0.042711   0.125759   0.373501   0.205682   0.289591   10.494222   10.437508   11.972958   12.788754   8.250801    7.904887    8.020192    8.992573    8.421617    8.611935    10.327025   0.326375   12.669412   0.277968   0.278740     0.288171      0.021194   0.139566   0.613830
   1000     -2.35       0.189761    0.026684    0.108222    0.199475   0.043545   0.121510   0.380968   0.223071   0.302020   10.012488   9.952338    11.531302   12.195503   8.012552    7.673840    7.786744    8.703357    8.175342    8.351347    9.848364    0.313228   12.211908   0.262445   0.263323     0.273508      0.023848   0.155210   0.672126
   1000     -2.3        0.178850    0.025253    0.102052    0.190195   0.044631   0.117413   0.389890   0.242160   0.316025   9.529060    9.465636    11.078230   11.591386   7.749278    7.419696    7.529556    8.388427    7.903057    8.064847    9.370057    0.299614   11.718494   0.246792   0.247792     0.258721      0.026750   0.172310   0.734541
   1000     -2.25       0.167963    0.023875    0.095919    0.181063   0.046010   0.113536   0.400162   0.262766   0.331464   9.047049    8.982321    10.615866   10.978501   7.464117    7.145446    7.251670    8.051764    7.608371    7.756169    8.892292    0.285669   11.193837   0.231135   0.232266     0.243861      0.029914   0.190945   0.800888
   1000     -2.2        0.157081    0.022582    0.089831    0.172176   0.047809   0.109992   0.412620   0.285287   0.348953   8.563675    8.496508    10.137750   10.351398   7.150989    6.845717    6.947474    7.687732    7.285910    7.419851    8.413584    0.271342   10.629498   0.215386   0.216674     0.229222      0.033363   0.211221   0.870981
   1000     -2.15       0.146273    0.021223    0.083748    0.163700   0.050010   0.106855   0.426811   0.309570   0.368191   8.088606    8.015283    9.650785    9.723583    6.821808    6.531542    6.628297    7.308075    6.946776    7.067209    7.941117    0.257018   10.045856   0.199893   0.201355     0.214760      0.037116   0.233202   0.944205
   1000     -2.1        0.135681    0.019882    0.077781    0.155723   0.052666   0.104194   0.442585   0.335364   0.388975   7.619874    7.542552    9.154706    9.097676    6.481530    6.207426    6.298794    6.917431    6.595118    6.702555    7.476503    0.242735   9.450153    0.184759   0.186403     0.200648      0.041207   0.256970   1.019818
   1000     -2.05       0.125396    0.018592    0.071994    0.148334   0.055836   0.102085   0.460012   0.362672   0.411342   7.159137    7.079311    8.650654    8.476781    6.133171    5.876160    5.961831    6.520250    6.235066    6.330128    7.020191    0.228580   8.846671    0.170076   0.171922     0.186990      0.045684   0.282638   1.097177
   1000     -2.         0.115483    0.017372    0.066427    0.141611   0.059584   0.100597   0.479186   0.391552   0.435369   6.708912    6.625886    8.141679    7.864275    5.779398    5.540195    5.619929    6.120207    5.870101    5.953470    6.573427    0.214639   8.239928    0.155922   0.158000     0.173849      0.050599   0.310260   1.174937
   1000     -1.95       0.105999    0.016252    0.061126    0.135613   0.063986   0.099799   0.499964   0.421801   0.460883   6.270585    6.183533    7.632945    7.263614    5.423695    5.202645    5.276328    5.719832    5.502630    5.575030    6.139541    0.200969   7.636820    0.142350   0.144683     0.161280      0.056027   0.339915   1.251744
   1000     -1.9        0.096861    0.015175    0.056018    0.130630   0.069210   0.099920   0.522302   0.452948   0.487625   5.841179    5.752323    7.115217    6.667243    5.063021    4.860694    4.928136    5.315677    5.129240    5.191386    5.713612    0.187599   7.031769    0.129289   0.131930     0.149264      0.062057   0.371722   1.326578
   1000     -1.85       0.088155    0.014094    0.051124    0.126624   0.075250   0.100937   0.545676   0.484828   0.515252   5.424275    5.335917    6.601412    6.089906    4.706547    4.522750    4.584015    4.918688    4.760483    4.813218    5.301208    0.174754   6.439771    0.116951   0.119934     0.137928      0.068802   0.405716   1.397492
   1000     -1.8        0.080045    0.013161    0.046603    0.123655   0.082202   0.102929   0.570646   0.517979   0.544313   5.022071    4.934866    6.093790    5.533136    4.356613    4.190925    4.246155    4.530437    4.397945    4.442109    4.904211    0.162406   5.865344    0.105358   0.108721     0.127281      0.076398   0.441962   1.462852
   1000     -1.75       0.072484    0.012327    0.042405    0.121786   0.090173   0.105980   0.597172   0.552371   0.574771   4.636315    4.549308    5.595957    4.999511    4.015133    3.866948    3.916343    4.153432    4.044084    4.080533    4.522896    0.150576   5.312959    0.094528   0.098308     0.117337      0.084994   0.480569   1.521714
   1000     -1.7        0.065435    0.011541    0.038488    0.121086   0.099286   0.110186   0.624760   0.587473   0.606116   4.267327    4.179875    5.111080    4.491792    3.683924    3.552465    3.596285    3.790074    3.701236    3.730849    4.157588    0.139324   4.786321    0.084478   0.088711     0.108104      0.094785   0.521532   1.572116
   1000     -1.65       0.059006    0.010891    0.034949    0.121642   0.109675   0.115658   0.652685   0.622404   0.637544   3.913521    3.828202    4.640807    4.012342    3.364901    3.249227    3.287785    3.442003    3.370984    3.394657    3.809687    0.128739   4.287978    0.075226   0.079946     0.099577      0.105988   0.564874   1.612843
   1000     -1.6        0.052995    0.010238    0.031616    0.123932   0.121551   0.122742   0.680614   0.656523   0.668568   3.573123    3.490852    4.180829    3.556601    3.056099    2.955134    2.988789    3.108276    3.052194    3.070888    3.478233    0.118748   3.812929    0.066684   0.072036     0.091724      0.118828   0.610666   1.643678
   1000     -1.55       0.047645    0.009774    0.028710    0.127686   0.134992   0.131339   0.708229   0.689996   0.699112   3.249558    3.171174    3.741323    3.133356    2.763083    2.675511    2.704702    2.791849    2.748068    2.762662    3.162532    0.109420   3.371631    0.058927   0.064989     0.084524      0.133593   0.658819   1.663391
   1000     -1.5        0.042858    0.009421    0.026139    0.133005   0.150174   0.141590   0.734717   0.721932   0.728325   2.942704    2.869219    3.325250    2.743894    2.486176    2.410702    2.435860    2.494682    2.460858    2.472133    2.863459    0.100628   2.964019    0.051910   0.058735     0.077942      0.150581   0.709269   1.671801
   1000     -1.45       0.038569    0.009128    0.023849    0.140017   0.167294   0.153656   0.760164   0.752364   0.756264   2.652953    2.584580    2.934196    2.388587    2.225864    2.161275    2.182804    2.217676    2.191861    2.200466    2.581535    0.092436   2.590120    0.045608   0.053252     0.071937      0.170087   0.762011   1.669732
   1000     -1.4        0.034772    0.008904    0.021838    0.148868   0.186569   0.167718   0.784676   0.781396   0.783036   2.380319    2.316988    2.569191    2.067468    1.982635    1.927790    1.946072    1.961136    1.941720    1.948192    2.316627    0.084941   2.250155    0.039995   0.048516     0.066462      0.192460   0.816814   1.657023
   1000     -1.35       0.031522    0.008839    0.020180    0.159722   0.208235   0.183978   0.807302   0.808096   0.807699   2.123994    2.066619    2.231159    1.780447    1.756860    1.710655    1.726057    1.725073    1.710655    1.715461    2.067882    0.078177   1.944447    0.035032   0.044481     0.061477      0.218020   0.873473   1.634495
   1000     -1.3        0.028776    0.008888    0.018832    0.173026   0.232560   0.202793   0.825870   0.830112   0.827991   1.882290    1.830465    1.918064    1.523696    1.546938    1.508348    1.521212    1.506691    1.496018    1.499576    1.833725    0.072145   1.669697    0.030670   0.041245     0.056945      0.247074   0.931869   1.603663
   1000     -1.25       0.026426    0.008995    0.017710    0.188647   0.259776   0.224212   0.840472   0.847843   0.844158   1.657059    1.612289    1.636332    1.300078    1.355037    1.322962    1.333654    1.308494    1.300487    1.303156    1.616151    0.066549   1.428252    0.026874   0.038502     0.052762      0.279907   0.991565   1.565053
   1000     -1.2        0.024517    0.009220    0.016869    0.206777   0.290184   0.248480   0.850733   0.860757   0.855745   1.447819    1.410567    1.385294    1.106847    1.180671    1.154178    1.163009    1.130698    1.124468    1.126545    1.414688    0.061530   1.218118    0.023636   0.036465     0.048893      0.316726   1.052163   1.519814
   1000     -1.15       0.023088    0.009612    0.016350    0.227667   0.324094   0.275880   0.856368   0.868528   0.862448   1.254923    1.224761    1.164687    0.941423    1.023679    1.002262    1.009401    0.972458    0.967502    0.969154    1.228835    0.057116   1.036862    0.021276   0.034985     0.045319      0.357731   1.113391   1.469377
   1000     -1.1        0.022144    0.010244    0.016194    0.251617   0.361831   0.306724   0.856865   0.870699   0.863782   1.078542    1.054645    0.973452    0.801089    0.883807    0.867299    0.872802    0.832703    0.828888    0.830160    1.058270    0.053239   0.881747    0.020067   0.033833     0.042015      0.402979   1.174531   1.414189
   1000     -1.05       0.021638    0.011270    0.016454    0.278939   0.403742   0.341340   0.851168   0.866328   0.858748   0.918231    0.899920    0.809404    0.682953    0.760496    0.748827    0.752717    0.710521    0.707953    0.708809    0.902910    0.049740   0.749888    0.020135   0.032912     0.038932      0.452474   1.234909   1.354912
   1000     -1.         0.021530    0.012106    0.016818    0.310067   0.449946   0.380006   0.837568   0.853436   0.845502   0.771111    0.758483    0.670274    0.585306    0.652417    0.643879    0.646725    0.603900    0.601442    0.602261    0.760616    0.046755   0.640021    0.018995   0.032740     0.035990      0.506312   1.294021   1.292309
   1000     -0.95       0.021747    0.013250    0.017499    0.345170   0.500776   0.422973   0.818223   0.834523   0.826373   0.639590    0.631576    0.554293    0.505407    0.558743    0.552977    0.554899    0.512510    0.510208    0.510975    0.633583    0.044259   0.547567    0.018200   0.032792     0.033212      0.564410   1.350696   1.226127
   1000     -0.9        0.022262    0.014602    0.018432    0.384758   0.556412   0.470585   0.792978   0.809403   0.801191   0.523297    0.519515    0.458282    0.439950    0.478846    0.475595    0.476679    0.434898    0.432938    0.433591    0.520614    0.042224   0.470128    0.017725   0.033098     0.030588      0.626878   1.403758   1.156143
   1000     -0.85       0.023133    0.016197    0.019665    0.429301   0.616926   0.523114   0.762309   0.778576   0.770442   0.421767    0.421155    0.379483    0.386243    0.411475    0.410566    0.410869    0.369505    0.368134    0.368591    0.421452    0.040557   0.405331    0.017546   0.033677     0.028094      0.694158   1.452245   1.082495
   1000     -0.8        0.024428    0.018128    0.021278    0.479284   0.682239   0.580761   0.726790   0.742648   0.734719   0.334357    0.335687    0.315131    0.342090    0.355316    0.356606    0.356176    0.314855    0.314353    0.314520    0.335647    0.039195   0.350910    0.017659   0.034487     0.025738      0.766774   1.494083   1.004197
   1000     -0.75       0.026127    0.020383    0.023255    0.535317   0.752054   0.643685   0.686657   0.701862   0.694259   0.260232    0.263050    0.262415    0.305692    0.309261    0.312581    0.311474    0.269633    0.270324    0.270094    0.262223    0.038197   0.304765    0.018075   0.035372     0.023593      0.845919   1.527059   0.920601
   1000     -0.7        0.028578    0.023290    0.025934    0.597623   0.824636   0.711130   0.641539   0.655864   0.648702   0.197343    0.200584    0.219712    0.274777    0.272610    0.278086    0.276261    0.232935    0.235172    0.234427    0.199301    0.037256   0.265613    0.018907   0.036402     0.021487      0.933348   1.549325   0.832232
   1000     -0.65       0.031807    0.026957    0.029382    0.666731   0.899164   0.782947   0.594342   0.607681   0.601012   0.145900    0.149513    0.184251    0.246763    0.244133    0.251326    0.248928    0.203559    0.207307    0.206058    0.147859    0.036678   0.231507    0.020057   0.037204     0.019353      1.031603   1.557142   0.738463
   1000     -0.6        0.035901    0.031477    0.033689    0.742980   0.973583   0.858282   0.546425   0.558724   0.552575   0.105041    0.108501    0.154064    0.221472    0.221934    0.230767    0.227823    0.180116    0.185531    0.183726    0.106681    0.036236   0.201295    0.021580   0.037980     0.017367      1.144321   1.546649   0.639954
   1000     -0.55       0.041032    0.037030    0.039031    0.826516   1.044987   0.935752   0.498768   0.510004   0.504386   0.073408    0.076435    0.127955    0.198435    0.204904    0.215218    0.211780    0.161364    0.168462    0.166096    0.074510    0.035889   0.174143    0.023569   0.038580     0.015500      1.275647   1.515228   0.539578
   1000     -0.5        0.047536    0.043965    0.045751    0.917147   1.109468   1.013307   0.452367   0.462569   0.457468   0.049619    0.052112    0.104930    0.177102    0.192166    0.203679    0.199841    0.146436    0.155089    0.152205    0.050088    0.035670   0.149531    0.026159   0.038764     0.013704      1.431471   1.457611   0.439038
   1000     -0.45       0.056046    0.052934    0.054490    1.014143   1.162058   1.088101   0.408446   0.417725   0.413086   0.032357    0.034235    0.084058    0.156974    0.182730    0.195223    0.191059    0.134943    0.145051    0.141682    0.032184    0.035587   0.127217    0.029530   0.038503     0.012014      1.618233   1.369839   0.341931
   1000     -0.4        0.068156    0.065497    0.066826    1.113588   1.188839   1.151213   0.366515   0.374877   0.370696   0.020100    0.021271    0.063940    0.137746    0.176818    0.189892    0.185534    0.126106    0.137477    0.133686    0.019484    0.035803   0.106108    0.034094   0.037349     0.010380      1.841496   1.252323   0.253488
   1000     -0.35       0.085006    0.082876    0.083941    1.211774   1.184109   1.197942   0.326851   0.334386   0.330619   0.011984    0.012677    0.045566    0.119510    0.172714    0.186067    0.181616    0.119423    0.131812    0.127683    0.011159    0.036393   0.086626    0.040110   0.035174     0.008768      2.106416   1.103560   0.176609
   1000     -0.3        0.109324    0.107848    0.108586    1.301051   1.137282   1.219166   0.288662   0.295421   0.292041   0.006886    0.007268    0.029776    0.102097    0.170386    0.183647    0.179226    0.114600    0.127686    0.123324    0.005965    0.037634   0.068711    0.048254   0.031721     0.007185      2.411027   0.927819   0.114277
   1000     -0.25       0.144823    0.144260    0.144542    1.374661   1.048329   1.211495   0.251671   0.257681   0.254676   0.003858    0.004041    0.017830    0.085371    0.169477    0.182459    0.178132    0.111315    0.124931    0.120392    0.002971    0.039621   0.052801    0.059301   0.027333     0.005697      2.742651   0.738134   0.068196
   1000     -0.2        0.204768    0.205584    0.205176    1.401619   0.888066   1.144842   0.212303   0.217506   0.214905   0.002137    0.002192    0.009384    0.067532    0.170048    0.182549    0.178382    0.109572    0.123450    0.118824    0.001334    0.042860   0.037721    0.075003   0.020827     0.004119      3.065375   0.545889   0.036858
   1000     -0.15       0.313700    0.317093    0.315397    1.356460   0.669573   1.013016   0.169893   0.174177   0.172035   0.001181    0.001194    0.004645    0.049354    0.171902    0.183857    0.179872    0.109028    0.122851    0.118243    0.000552    0.047764   0.024568    0.097765   0.013280     0.002742      3.306824   0.368159   0.017765
   1000     -0.1        0.590942    0.601965    0.596453    1.164706   0.391680   0.778193   0.122958   0.126193   0.124575   0.000621    0.000620    0.002237    0.031266    0.174484    0.186242    0.182323    0.109174    0.122921    0.118338    0.000219    0.054232   0.013377    0.124367   0.005293     0.001480      3.376433   0.223098   0.007578
   1000     -0.05       2.620084    2.697042    2.658563    0.735009   0.122069   0.428539   0.076768   0.078975   0.077872   0.000234    0.000233    0.000867    0.016309    0.175462    0.182962    0.180462    0.108248    0.118798    0.115281    0.000091    0.060544   0.005453    0.011496   0.000564     0.000387      3.153355   0.117595   0.002795
   1000     0.          30.730850   31.720590   31.225720   0.193217   0.006861   0.100039   0.052865   0.054567   0.053716   0.000051    0.000051    0.000263    0.009531    0.175063    0.158330    0.163908    0.107106    0.101722    0.103517    0.000051    0.063598   0.002733    0.000000   0.000000     0.000000      2.575899   0.052115   0.000875
